676987688769899987636789854321237899
545696547656799998545789765430145698
434986434547688987677899986432369987
329875321234567898988929876545998976
434943210134678999999216987679877895
549876321245789999974345698998766794
656985434356899989765459979789854323
767987898769959878977598867698763212
899998939878969967898987654569882101
988989545989398756569987612379993522
867978959991239843498976523489987643
756767898910199542987898434999898954
543456987891987699876789549898798765
632349876789998989765678998767669876
321099785678999875654567987853456989
